t = {{[CFrame.new(358.5, 22.1000004, -172.899994, 0, 0, -1, -1, 0, 0, 0, 1, 0)]='LoneCave',[2]='Wall2Tall'},{[CFrame.new(366.900024, 23.6000004, -167, 0, -1, 0, 0, 0, 1, -1, 0, 0)]='LoneCave',[2]='Wall2Tall'},{[CFrame.new(465.5, 0.200000003, -293, 0, 0, -1, 0, 1, 0, 1, 0, 0)]='GoldSwampy',[2]='Wall2Tall'},{[CFrame.new(438.5, 0.200000003, -297, 0, 0, 1, 0, 1, -0, -1, 0, 0)]='GoldSwampy',[2]='Wall2Tall'},{[CFrame.new(420.5, 0.200000003, -293, 0, 0, -1, 0, 1, 0, 1, 0, 0)]='GoldSwampy',[2]='Wall2Tall'},{[CFrame.new(402.5, 0.200000003, -293, 0, 0, -1, 0, 1, 0, 1, 0, 0)]='GoldSwampy',[2]='Wall2Tall'},{[CFrame.new(393.5, 0.200000003, -293, 0, 0, -1, 0, 1, 0, 1, 0, 0)]='GoldSwampy',[2]='Wall2Tall'},{[CFrame.new(420.5, 0.200000003, -297, 0, 0, 1, 0, 1, -0, -1, 0, 0)]='GoldSwampy',[2]='Wall2Tall'},{[CFrame.new(447.5, 0.200000003, -293, 0, 0, -1, 0, 1, 0, 1, 0, 0)]='GoldSwampy',[2]='Wall2Tall'},{[CFrame.new(438.5, 0.200000003, -293, 0, 0, -1, 0, 1, 0, 1, 0, 0)]='GoldSwampy',[2]='Wall2Tall'},{[CFrame.new(428.900024, 7.0999999, -295.5, 0, -1, 0, 1, 0, -0, 0, 0, 1)]='GoldSwampy',[2]='Wall2Tall'},{[CFrame.new(446.900024, 3.10000014, -295.5, 0, -1, 0, 1, 0, -0, 0, 0, 1)]='GoldSwampy',[2]='Wall2Tall'},{[CFrame.new(430.099976, 9.60000038, -268, 0, 1, 0, 0, 0, 1, 1, 0, 0)]='GoldSwampy',[2]='Wall2Tall'},{[CFrame.new(448.099976, 9.60000038, -268, 0, 1, 0, 0, 0, 1, 1, 0, 0)]='GoldSwampy',[2]='Wall2Tall'},{[CFrame.new(448.099976, 6.5999999, -268, 0, 1, 0, 0, 0, 1, 1, 0, 0)]='GoldSwampy',[2]='Wall2Tall'},{[CFrame.new(448.099976, 7.0999999, -294.5, 0, 1, 0, 1, 0, 0, 0, 0, -1)]='GoldSwampy',[2]='Wall2Tall'},{[CFrame.new(456.5, 0.200000003, -293, 0, 0, -1, 0, 1, 0, 1, 0, 0)]='GoldSwampy',[2]='Wall2Tall'},{[CFrame.new(403.099976, 7.0999999, -294.5, 0, 1, 0, 1, 0, 0, 0, 0, -1)]='GoldSwampy',[2]='Wall2Tall'},{[CFrame.new(374.099976, 23.6000004, -171, 0, 1, 0, 0, 0, 1, 1, 0, 0)]='LoneCave',[2]='Wall2Tall'},{[CFrame.new(373.5, 22.1000004, -172.899994, 0, 0, -1, -1, 0, 0, 0, 1, 0)]='LoneCave',[2]='Wall2Tall'},{[CFrame.new(374.100037, 23.6000004, -167, 0, 1, 0, 0, 0, 1, 1, 0, 0)]='LoneCave',[2]='Wall2Tall'},{[CFrame.new(367.5, 22.1000004, -172.899994, 0, 0, -1, -1, 0, 0, 0, 1, 0)]='LoneCave',[2]='Wall2Tall'},{[CFrame.new(382.5, 22.1000004, -165.100006, 0, 0, -1, 1, 0, 0, 0, -1, 0)]='LoneCave',[2]='Wall2Tall'},{[CFrame.new(383.5, 24.2000008, -172, 0, 0, -1, 0, 1, 0, 1, 0, 0)]='LoneCave',[2]='Wall2Tall'},{[CFrame.new(378, 8.19999981, -296.5, 1, 0, 0, 0, 1, 0, 0, 0, 1)]='LoneCave',[2]='Wall2Tall'},{[CFrame.new(386.900024, 50.7000008, -214.899994, -0.998628736, -1.22189522e-06, -0.0523534007, -0.0523534007, 4.65512276e-05, 0.998628676, 1.22189522e-06, 1, -4.66108322e-05)]='Koa',[2]='Wall2Tall'},{[CFrame.new(327.5, 2.10000014, -306.100006, 0, 0, -1, 1, 0, 0, 0, -1, 0)]='Walnut',[2]='Wall2Tall'},{[CFrame.new(295.5, 2.10000014, -297.100006, 0, 0, -1, 1, 0, 0, 0, -1, 0)]='Birch',[2]='Wall2Tall'},{[CFrame.new(326.899963, 2.10000014, -333.5, 0, -1, -0, -1, 0, -0, 0, 0, -1)]='Walnut',[2]='Wall2Tall'},{[CFrame.new(319.099976, 2.10000014, -317.5, 0, 1, -0, -1, 0, 0, 0, 0, 1)]='Walnut',[2]='Wall2Tall'},{[CFrame.new(382.900024, 2.10000014, -297.5, 0, -1, -0, -1, 0, -0, 0, 0, -1)]='Walnut',[2]='Wall2Tall'},{[CFrame.new(318.900024, 0.600000024, -227, 0, -1, 0, 0, 0, -1, 1, 0, 0)]='GoldSwampy',[2]='Wall2Tall'},{[CFrame.new(358.900024, 2.10000014, -297.5, 0, -1, -0, -1, 0, -0, 0, 0, -1)]='Walnut',[2]='Wall2Tall'},{[CFrame.new(336.900024, 9.60000038, -227, 0, -1, 0, 0, 0, -1, 1, 0, 0)]='GoldSwampy',[2]='Wall2Tall'},{[CFrame.new(327.900024, 0.600000024, -227, 0, -1, 0, 0, 0, -1, 1, 0, 0)]='GoldSwampy',[2]='Wall2Tall'},{[CFrame.new(327.5, 2.10000014, -338.099976, 0, 0, 1, -1, 0, 0, 0, -1, 0)]='Walnut',[2]='Wall2Tall'},{[CFrame.new(327.900024, 6.5999999, -222, 0, -1, 0, 0, 0, -1, 1, 0, 0)]='GoldSwampy',[2]='Wall2Tall'},{[CFrame.new(318.900024, 9.60000038, -222, 0, -1, 0, 0, 0, -1, 1, 0, 0)]='GoldSwampy',[2]='Wall2Tall'},{[CFrame.new(327.900024, 0.600000024, -222, 0, -1, 0, 0, 0, -1, 1, 0, 0)]='GoldSwampy',[2]='Wall2Tall'},{[CFrame.new(318.900024, 0.600000024, -222, 0, -1, 0, 0, 0, -1, 1, 0, 0)]='GoldSwampy',[2]='Wall2Tall'},{[CFrame.new(318.900024, 6.5999999, -222, 0, -1, 0, 0, 0, -1, 1, 0, 0)]='GoldSwampy',[2]='Wall2Tall'},{[CFrame.new(350.900024, 2.10000014, -297.5, 0, -1, -0, -1, 0, -0, 0, 0, -1)]='Walnut',[2]='Wall2Tall'},{[CFrame.new(336.900024, 0.600000024, -222, 0, -1, 0, 0, 0, -1, 1, 0, 0)]='GoldSwampy',[2]='Wall2Tall'},{[CFrame.new(366.900024, 2.10000014, -297.5, 0, -1, -0, -1, 0, -0, 0, 0, -1)]='Walnut',[2]='Wall2Tall'},{[CFrame.new(342.900024, 2.10000014, -297.5, 0, -1, -0, -1, 0, -0, 0, 0, -1)]='Walnut',[2]='Wall2Tall'},{[CFrame.new(336.900024, 0.600000024, -227, 0, -1, 0, 0, 0, -1, 1, 0, 0)]='GoldSwampy',[2]='Wall2Tall'},{[CFrame.new(327.900024, 9.60000038, -227, 0, -1, 0, 0, 0, -1, 1, 0, 0)]='GoldSwampy',[2]='Wall2Tall'},{[CFrame.new(374.900024, 2.10000014, -297.5, 0, -1, -0, -1, 0, -0, 0, 0, -1)]='Walnut',[2]='Wall2Tall'},{[CFrame.new(336.900024, 6.5999999, -227, 0, -1, 0, 0, 0, -1, 1, 0, 0)]='GoldSwampy',[2]='Wall2Tall'},{[CFrame.new(327.5, 2.10000014, -298.100006, 0, 0, -1, 1, 0, 0, 0, -1, 0)]='Walnut',[2]='Wall2Tall'},{[CFrame.new(336.900024, 9.60000038, -222, 0, -1, 0, 0, 0, -1, 1, 0, 0)]='GoldSwampy',[2]='Wall2Tall'},{[CFrame.new(327.900024, 9.60000038, -222, 0, -1, 0, 0, 0, -1, 1, 0, 0)]='GoldSwampy',[2]='Wall2Tall'},{[CFrame.new(336.900024, 6.5999999, -222, 0, -1, 0, 0, 0, -1, 1, 0, 0)]='GoldSwampy',[2]='Wall2Tall'},{[CFrame.new(318.900024, 9.60000038, -227, 0, -1, 0, 0, 0, -1, 1, 0, 0)]='GoldSwampy',[2]='Wall2Tall'},{[CFrame.new(327.900024, 6.5999999, -227, 0, -1, 0, 0, 0, -1, 1, 0, 0)]='GoldSwampy',[2]='Wall2Tall'},{[CFrame.new(389.700012, 4.5999999, -337.600006, 0.866040111, -0.499974549, -5.5283308e-06, -5.5283308e-06, -2.06232071e-05, 0.99999994, -0.499974549, -0.866040051, -2.06232071e-05)]='Walnut',[2]='Wall2Tall'},{[CFrame.new(389.099976, 2.10000014, -272.5, 0, 1, 0, 1, 0, 0, 0, 0, -1)]='GoldSwampy',[2]='Wall2Tall'},{[CFrame.new(310.5, 0.200000003, -227, 0, 0, 1, 0, 1, -0, -1, 0, 0)]='Walnut',[2]='Wall2Tall'},{[CFrame.new(331, 0.200000003, -224.5, 1, 0, 0, 0, 1, 0, 0, 0, 1)]='Walnut',[2]='Wall2Tall'},{[CFrame.new(335, 0.200000003, -224.5, 1, 0, 0, 0, 1, 0, 0, 0, 1)]='Walnut',[2]='Wall2Tall'},{[CFrame.new(310.5, 0.200000003, -222, 0, 0, 1, 0, 1, -0, -1, 0, 0)]='Walnut',[2]='Wall2Tall'},{[CFrame.new(317, 0.200000003, -224.5, 1, 0, 0, 0, 1, 0, 0, 0, 1)]='Walnut',[2]='Wall2Tall'},{[CFrame.new(326, 0.200000003, -224.5, -1, 0, 0, 0, 1, 0, 0, 0, -1)]='Walnut',[2]='Wall2Tall'},{[CFrame.new(328.5, 0.200000003, -222, 0, 0, 1, 0, 1, -0, -1, 0, 0)]='Walnut',[2]='Wall2Tall'},{[CFrame.new(313, 0.200000003, -224.5, 1, 0, 0, 0, 1, 0, 0, 0, 1)]='Walnut',[2]='Wall2Tall'},{[CFrame.new(319.5, 0.200000003, -227, 0, 0, -1, 0, 1, 0, 1, 0, 0)]='Walnut',[2]='Wall2Tall'},{[CFrame.new(328.5, 0.200000003, -227, 0, 0, 1, 0, 1, -0, -1, 0, 0)]='Walnut',[2]='Wall2Tall'},{[CFrame.new(322, 0.200000003, -224.5, -1, 0, 0, 0, 1, 0, 0, 0, -1)]='Walnut',[2]='Wall2Tall'},{[CFrame.new(355.900024, 0.600000024, -222, 0, -1, 0, 0, 0, 1, -1, 0, 0)]='GoldSwampy',[2]='Wall2Tall'},{[CFrame.new(364.900024, 6.5999999, -227, 0, -1, 0, 0, 0, 1, -1, 0, 0)]='GoldSwampy',[2]='Wall2Tall'},{[CFrame.new(364.900024, 0.600000024, -222, 0, -1, 0, 0, 0, 1, -1, 0, 0)]='GoldSwampy',[2]='Wall2Tall'},{[CFrame.new(364.900024, 6.5999999, -222, 0, -1, 0, 0, 0, 1, -1, 0, 0)]='GoldSwampy',[2]='Wall2Tall'},{[CFrame.new(355.900024, 6.5999999, -222, 0, -1, 0, 0, 0, 1, -1, 0, 0)]='GoldSwampy',[2]='Wall2Tall'},{[CFrame.new(319.5, 0.200000003, -222, 0, 0, -1, 0, 1, 0, 1, 0, 0)]='Walnut',[2]='Wall2Tall'},{[CFrame.new(357.099976, 9.60000038, -222, 0, 1, 0, 0, 0, 1, 1, 0, 0)]='GoldSwampy',[2]='Wall2Tall'},{[CFrame.new(364.900024, 0.600000024, -227, 0, -1, 0, 0, 0, 1, -1, 0, 0)]='GoldSwampy',[2]='Wall2Tall'},{[CFrame.new(355.900024, 0.600000024, -227, 0, -1, 0, 0, 0, 1, -1, 0, 0)]='GoldSwampy',[2]='Wall2Tall'},{[CFrame.new(355.900024, 6.5999999, -227, 0, -1, 0, 0, 0, 1, -1, 0, 0)]='GoldSwampy',[2]='Wall2Tall'},{[CFrame.new(337.5, 0.200000003, -227, 0, 0, -1, 0, 1, 0, 1, 0, 0)]='Walnut',[2]='Wall2Tall'},{[CFrame.new(357.099976, 9.60000038, -227, 0, 1, 0, 0, 0, 1, 1, 0, 0)]='GoldSwampy',[2]='Wall2Tall'},{[CFrame.new(337.599976, 16.2000008, -153.5, -1, 0, 0, 0, 1, 0, 0, 0, -1)]='LoneCave',[2]='Wall2Tall'},{[CFrame.new(365.5, 8, -227, 0, 0, 1, 0, -1, 0, 1, 0, -0)]='Walnut',[2]='Wall2Tall'},{[CFrame.new(357.099976, 9.60000038, -202, 0, 1, 0, 0, 0, -1, -1, 0, 0)]='GoldSwampy',[2]='Wall2Tall'},{[CFrame.new(357.099976, 9.60000038, -197, 0, 1, 0, 0, 0, -1, -1, 0, 0)]='GoldSwampy',[2]='Wall2Tall'},{[CFrame.new(356.5, 8, -222, 0, 0, 1, 0, -1, 0, 1, 0, -0)]='Walnut',[2]='Wall2Tall'},{[CFrame.new(357.099976, 6.5999999, -197, 0, 1, 0, 0, 0, -1, -1, 0, 0)]='GoldSwampy',[2]='Wall2Tall'},{[CFrame.new(365.5, 8, -197, 0, 0, 1, 0, -1, 0, 1, 0, -0)]='Walnut',[2]='Wall2Tall'},{[CFrame.new(357.099976, 0.600000024, -197, 0, 1, 0, 0, 0, -1, -1, 0, 0)]='GoldSwampy',[2]='Wall2Tall'},{[CFrame.new(356.5, 8, -227, 0, 0, 1, 0, -1, 0, 1, 0, -0)]='Walnut',[2]='Wall2Tall'},{[CFrame.new(365.5, 8, -222, 0, 0, 1, 0, -1, 0, 1, 0, -0)]='Walnut',[2]='Wall2Tall'},{[CFrame.new(365.5, 8, -202, 0, 0, 1, 0, -1, 0, 1, 0, -0)]='Walnut',[2]='Wall2Tall'},{[CFrame.new(363, 8, -224.5, 1, 0, 0, 0, -1, 0, 0, 0, -1)]='Walnut',[2]='Wall2Tall'},{[CFrame.new(354, 8, -224.5, 1, 0, 0, 0, -1, 0, 0, 0, -1)]='Walnut',[2]='Wall2Tall'},{[CFrame.new(347.5, 8, -222, 0, 0, 1, 0, -1, 0, 1, 0, -0)]='Walnut',[2]='Wall2Tall'},{[CFrame.new(347.5, 8, -227, 0, 0, 1, 0, -1, 0, 1, 0, -0)]='Walnut',[2]='Wall2Tall'},{[CFrame.new(363, 0.200000003, -199.5, -1, 0, 0, 0, 1, 0, 0, 0, -1)]='Walnut',[2]='Wall2Tall'},{[CFrame.new(301, 19.6000004, -186.099976, 1, 0, -0, 0, 0, 1, 0, -1, 0)]='Walnut',[2]='Wall2Tall'},{[CFrame.new(295.900024, 19.6000004, -192, 0, -1, 0, 0, 0, 1, -1, 0, 0)]='Walnut',[2]='Wall2Tall'},{[CFrame.new(301, 19.6000004, -154.099976, -1, 0, -0, 0, 0, -1, 0, -1, -0)]='Walnut',[2]='Wall2Tall'},{[CFrame.new(301, 19.6000004, -178.099976, 1, 0, -0, 0, 0, 1, 0, -1, 0)]='Walnut',[2]='Wall2Tall'},{[CFrame.new(293, 15.6000004, -166.099976, 1, 0, -0, 0, 0, 1, 0, -1, 0)]='GoldSwampy',[2]='Wall2Tall'},{[CFrame.new(301, 19.6000004, -162.099976, 1, 0, -0, 0, 0, 1, 0, -1, 0)]='Walnut',[2]='Wall2Tall'},{[CFrame.new(359, 0.200000003, -199.5, -1, 0, 0, 0, 1, 0, 0, 0, -1)]='Walnut',[2]='Wall2Tall'},{[CFrame.new(301, 19.6000004, -170.099976, 1, 0, -0, 0, 0, 1, 0, -1, 0)]='Walnut',[2]='Wall2Tall'},{[CFrame.new(355.900024, 9.60000038, -202, 0, -1, 0, 0, 0, 1, -1, 0, 0)]='GoldSwampy',[2]='Wall2Tall'},{[CFrame.new(355.900024, 6.5999999, -202, 0, -1, 0, 0, 0, 1, -1, 0, 0)]='GoldSwampy',[2]='Wall2Tall'},{[CFrame.new(356.5, 0.200000003, -202, 0, 0, -1, 0, 1, 0, 1, 0, 0)]='Walnut',[2]='Wall2Tall'},{[CFrame.new(350, 0.200000003, -199.5, -1, 0, 0, 0, 1, 0, 0, 0, -1)]='Walnut',[2]='Wall2Tall'},{[CFrame.new(354, 0.200000003, -199.5, -1, 0, 0, 0, 1, 0, 0, 0, -1)]='Walnut',[2]='Wall2Tall'},{[CFrame.new(357.099976, 6.5999999, -202, 0, 1, 0, 0, 0, -1, -1, 0, 0)]='GoldSwampy',[2]='Wall2Tall'},{[CFrame.new(355.900024, 0.600000024, -202, 0, -1, 0, 0, 0, 1, -1, 0, 0)]='GoldSwampy',[2]='Wall2Tall'},{[CFrame.new(355.900024, 9.60000038, -197, 0, -1, 0, 0, 0, 1, -1, 0, 0)]='GoldSwampy',[2]='Wall2Tall'},{[CFrame.new(355.900024, 6.5999999, -197, 0, -1, 0, 0, 0, 1, -1, 0, 0)]='GoldSwampy',[2]='Wall2Tall'},{[CFrame.new(355.900024, 0.600000024, -197, 0, -1, 0, 0, 0, 1, -1, 0, 0)]='GoldSwampy',[2]='Wall2Tall'},{[CFrame.new(356.5, 0.200000003, -197, 0, 0, -1, 0, 1, 0, 1, 0, 0)]='Walnut',[2]='Wall2Tall'},{[CFrame.new(327.900024, 9.60000038, -202, 0, -1, 0, 0, 0, 1, -1, 0, 0)]='GoldSwampy',[2]='Wall2Tall'},{[CFrame.new(319.5, 0.200000003, -197, 0, 0, 1, 0, 1, -0, -1, 0, 0)]='Walnut',[2]='Wall2Tall'},{[CFrame.new(322, 0.200000003, -199.5, 1, 0, 0, 0, 1, 0, 0, 0, 1)]='Walnut',[2]='Wall2Tall'},{[CFrame.new(326, 0.200000003, -199.5, 1, 0, 0, 0, 1, 0, 0, 0, 1)]='Walnut',[2]='Wall2Tall'},{[CFrame.new(336.900024, 0.600000024, -202, 0, -1, 0, 0, 0, 1, -1, 0, 0)]='GoldSwampy',[2]='Wall2Tall'},{[CFrame.new(313, 0.200000003, -199.5, 1, 0, 0, 0, 1, 0, 0, 0, 1)]='Walnut',[2]='Wall2Tall'},{[CFrame.new(327.900024, 0.600000024, -202, 0, -1, 0, 0, 0, 1, -1, 0, 0)]='GoldSwampy',[2]='Wall2Tall'},{[CFrame.new(310.5, 0.200000003, -202, 0, 0, 1, 0, 1, -0, -1, 0, 0)]='Walnut',[2]='Wall2Tall'},{[CFrame.new(317, 0.200000003, -199.5, 1, 0, 0, 0, 1, 0, 0, 0, 1)]='Walnut',[2]='Wall2Tall'},{[CFrame.new(327.900024, 0.600000024, -197, 0, -1, 0, 0, 0, 1, -1, 0, 0)]='GoldSwampy',[2]='Wall2Tall'},{[CFrame.new(331, 8, -199.5, 1, 0, 0, 0, -1, 0, 0, 0, -1)]='Walnut',[2]='Wall2Tall'},{[CFrame.new(335, 8, -199.5, 1, 0, 0, 0, -1, 0, 0, 0, -1)]='Walnut',[2]='Wall2Tall'},{[CFrame.new(318.900024, 9.60000038, -197, 0, -1, 0, 0, 0, 1, -1, 0, 0)]='GoldSwampy',[2]='Wall2Tall'},{[CFrame.new(310.5, 0.200000003, -197, 0, 0, 1, 0, 1, -0, -1, 0, 0)]='Walnut',[2]='Wall2Tall'},{[CFrame.new(318.900024, 6.5999999, -202, 0, -1, 0, 0, 0, 1, -1, 0, 0)]='GoldSwampy',[2]='Wall2Tall'},{[CFrame.new(318.900024, 0.600000024, -202, 0, -1, 0, 0, 0, 1, -1, 0, 0)]='GoldSwampy',[2]='Wall2Tall'},{[CFrame.new(318.900024, 9.60000038, -202, 0, -1, 0, 0, 0, 1, -1, 0, 0)]='GoldSwampy',[2]='Wall2Tall'},{[CFrame.new(318.900024, 0.600000024, -197, 0, -1, 0, 0, 0, 1, -1, 0, 0)]='GoldSwampy',[2]='Wall2Tall'},{[CFrame.new(328.5, 8, -197, 0, 0, -1, 0, -1, -0, -1, 0, -0)]='Walnut',[2]='Wall2Tall'},{[CFrame.new(328.5, 8, -202, 0, 0, -1, 0, -1, -0, -1, 0, -0)]='Walnut',[2]='Wall2Tall'},{[CFrame.new(337.5, 8, -197, 0, 0, 1, 0, -1, 0, 1, 0, -0)]='Walnut',[2]='Wall2Tall'},{[CFrame.new(327.900024, 6.5999999, -202, 0, -1, 0, 0, 0, 1, -1, 0, 0)]='GoldSwampy',[2]='Wall2Tall'},{[CFrame.new(318.900024, 6.5999999, -172, 0, -1, 0, 0, 0, -1, 1, 0, 0)]='GoldSwampy',[2]='Wall2Tall'},{[CFrame.new(336.900024, 0.600000024, -197, 0, -1, 0, 0, 0, 1, -1, 0, 0)]='GoldSwampy',[2]='Wall2Tall'},{[CFrame.new(318.900024, 9.60000038, -172, 0, -1, 0, 0, 0, -1, 1, 0, 0)]='GoldSwampy',[2]='Wall2Tall'},{[CFrame.new(336.900024, 6.5999999, -202, 0, -1, 0, 0, 0, 1, -1, 0, 0)]='GoldSwampy',[2]='Wall2Tall'},{[CFrame.new(319.5, 0.200000003, -202, 0, 0, 1, 0, 1, -0, -1, 0, 0)]='Walnut',[2]='Wall2Tall'},{[CFrame.new(329.099976, 9.60000038, -202, 0, 1, 0, 0, 0, 1, 1, 0, 0)]='GoldSwampy',[2]='Wall2Tall'},{[CFrame.new(318.900024, 0.600000024, -172, 0, -1, 0, 0, 0, -1, 1, 0, 0)]='GoldSwampy',[2]='Wall2Tall'},{[CFrame.new(318.900024, 6.5999999, -177, 0, -1, 0, 0, 0, -1, 1, 0, 0)]='GoldSwampy',[2]='Wall2Tall'},{[CFrame.new(337.5, 8, -201, 0, 0, 1, 0, -1, 0, 1, 0, -0)]='Walnut',[2]='Wall2Tall'},{[CFrame.new(310.5, 0.200000003, -177, 0, 0, 1, 0, 1, -0, -1, 0, 0)]='Walnut',[2]='Wall2Tall'},{[CFrame.new(310.5, 0.200000003, -172, 0, 0, 1, 0, 1, -0, -1, 0, 0)]='Walnut',[2]='Wall2Tall'},{[CFrame.new(317, 0.200000003, -174.5, 1, 0, 0, 0, 1, 0, 0, 0, 1)]='Walnut',[2]='Wall2Tall'},{[CFrame.new(313, 0.200000003, -174.5, 1, 0, 0, 0, 1, 0, 0, 0, 1)]='Walnut',[2]='Wall2Tall'},{[CFrame.new(336.900024, 6.5999999, -197, 0, -1, 0, 0, 0, 1, -1, 0, 0)]='GoldSwampy',[2]='Wall2Tall'},{[CFrame.new(318.900024, 6.5999999, -197, 0, -1, 0, 0, 0, 1, -1, 0, 0)]='GoldSwampy',[2]='Wall2Tall'},{[CFrame.new(318.900024, 9.60000038, -177, 0, -1, 0, 0, 0, -1, 1, 0, 0)]='GoldSwampy',[2]='Wall2Tall'},{[CFrame.new(327.900024, 6.5999999, -197, 0, -1, 0, 0, 0, 1, -1, 0, 0)]='GoldSwampy',[2]='Wall2Tall'},{[CFrame.new(318.900024, 0.600000024, -177, 0, -1, 0, 0, 0, -1, 1, 0, 0)]='GoldSwampy',[2]='Wall2Tall'},{[CFrame.new(336.900024, 9.60000038, -197, 0, -1, 0, 0, 0, 1, -1, 0, 0)]='GoldSwampy',[2]='Wall2Tall'},{[CFrame.new(327.900024, 6.5999999, -172, 0, -1, 0, 0, 0, -1, 1, 0, 0)]='GoldSwampy',[2]='Wall2Tall'},{[CFrame.new(327.900024, 9.60000038, -172, 0, -1, 0, 0, 0, -1, 1, 0, 0)]='GoldSwampy',[2]='Wall2Tall'},{[CFrame.new(327.900024, 0.600000024, -172, 0, -1, 0, 0, 0, -1, 1, 0, 0)]='GoldSwampy',[2]='Wall2Tall'},{[CFrame.new(327.900024, 0.600000024, -177, 0, -1, 0, 0, 0, -1, 1, 0, 0)]='GoldSwampy',[2]='Wall2Tall'},{[CFrame.new(327.900024, 9.60000038, -177, 0, -1, 0, 0, 0, -1, 1, 0, 0)]='GoldSwampy',[2]='Wall2Tall'},{[CFrame.new(336.900024, 9.60000038, -172, 0, -1, 0, 0, 0, -1, 1, 0, 0)]='GoldSwampy',[2]='Wall2Tall'},{[CFrame.new(331, 0.200000003, -174.5, 1, 0, 0, 0, 1, 0, 0, 0, 1)]='Walnut',[2]='Wall2Tall'},{[CFrame.new(355.900024, 6.5999999, -177, 0, -1, 0, 0, 0, 1, -1, 0, 0)]='GoldSwampy',[2]='Wall2Tall'},{[CFrame.new(355.900024, 0.600000024, -177, 0, -1, 0, 0, 0, 1, -1, 0, 0)]='GoldSwampy',[2]='Wall2Tall'},{[CFrame.new(335, 0.200000003, -174.5, 1, 0, 0, 0, 1, 0, 0, 0, 1)]='Walnut',[2]='Wall2Tall'},{[CFrame.new(355.900024, 6.5999999, -172, 0, -1, 0, 0, 0, 1, -1, 0, 0)]='GoldSwampy',[2]='Wall2Tall'},{[CFrame.new(348.099976, 6.0999999, -174.5, 0, 1, 0, 1, 0, 0, 0, 0, -1)]='Walnut',[2]='Wall2Tall'},{[CFrame.new(348.099976, 2.10000014, -174.5, 0, 1, 0, 1, 0, 0, 0, 0, -1)]='Walnut',[2]='Wall2Tall'},{[CFrame.new(336.900024, 9.60000038, -177, 0, -1, 0, 0, 0, -1, 1, 0, 0)]='GoldSwampy',[2]='Wall2Tall'},{[CFrame.new(347.5, 6.0999999, -171.100006, 0, 0, -1, 1, 0, 0, 0, -1, 0)]='Walnut',[2]='Wall2Tall'},{[CFrame.new(336.900024, 0.600000024, -177, 0, -1, 0, 0, 0, -1, 1, 0, 0)]='GoldSwampy',[2]='Wall2Tall'},{[CFrame.new(347.5, 2.10000014, -171.100006, 0, 0, -1, 1, 0, 0, 0, -1, 0)]='Walnut',[2]='Wall2Tall'},{[CFrame.new(357.099976, 6.0999999, -174.5, 0, 1, 0, 1, 0, 0, 0, 0, -1)]='Walnut',[2]='Wall2Tall'},{[CFrame.new(355.900024, 9.60000038, -172, 0, -1, 0, 0, 0, 1, -1, 0, 0)]='GoldSwampy',[2]='Wall2Tall'},{[CFrame.new(365.5, 8, -172, 0, 0, -1, 0, -1, -0, -1, 0, -0)]='Walnut',[2]='Wall2Tall'},{[CFrame.new(336.900024, 0.600000024, -172, 0, -1, 0, 0, 0, -1, 1, 0, 0)]='GoldSwampy',[2]='Wall2Tall'},{[CFrame.new(365.5, 8, -177, 0, 0, -1, 0, -1, -0, -1, 0, -0)]='Walnut',[2]='Wall2Tall'},{[CFrame.new(356.5, 8, -177, 0, 0, -1, 0, -1, -0, -1, 0, -0)]='Walnut',[2]='Wall2Tall'},{[CFrame.new(364.900024, 6.5999999, -172, 0, -1, 0, 0, 0, 1, -1, 0, 0)]='GoldSwampy',[2]='Wall2Tall'},{[CFrame.new(364.900024, 9.60000038, -172, 0, -1, 0, 0, 0, 1, -1, 0, 0)]='GoldSwampy',[2]='Wall2Tall'},{[CFrame.new(356.5, 8, -172, 0, 0, -1, 0, -1, -0, -1, 0, -0)]='Walnut',[2]='Wall2Tall'},{[CFrame.new(364.900024, 6.5999999, -177, 0, -1, 0, 0, 0, -1, 1, 0, 0)]='GoldSwampy',[2]='Wall2Tall'},{[CFrame.new(364.900024, 9.60000038, -177, 0, -1, 0, 0, 0, -1, 1, 0, 0)]='GoldSwampy',[2]='Wall2Tall'},{[CFrame.new(364.900024, 0.600000024, -177, 0, -1, 0, 0, 0, -1, 1, 0, 0)]='GoldSwampy',[2]='Wall2Tall'},{[CFrame.new(347.5, 0.200000003, -197, 0, 0, -1, 0, 1, 0, 1, 0, 0)]='Walnut',[2]='Wall2Tall'},{[CFrame.new(357.099976, 2.10000014, -174.5, 0, 1, 0, 1, 0, 0, 0, 0, -1)]='Walnut',[2]='Wall2Tall'},{[CFrame.new(464.900024, 9.60000038, -232, 0, -1, 0, 0, 0, 1, -1, 0, 0)]='GoldSwampy',[2]='Wall2Tall'},{[CFrame.new(457.099976, 3.10000014, -269.5, 0, 1, 0, 1, 0, 0, 0, 0, -1)]='Walnut',[2]='Wall2Tall'},{[CFrame.new(465.5, 0.200000003, -268, 0, 0, -1, 0, 1, 0, 1, 0, 0)]='Walnut',[2]='Wall2Tall'},{[CFrame.new(457.099976, 9.60000038, -268, 0, 1, 0, 0, 0, 1, 1, 0, 0)]='GoldSwampy',[2]='Wall2Tall'},{[CFrame.new(369, 10.1999998, -250, 0, 0, 1, 0, 1, -0, -1, 0, 0)]='GreenSwampy',[2]='Wall2Tall'},{[CFrame.new(437.900024, 5.5999999, -317, 0, -1, 0, 0, 0, -1, 1, 0, 0)]='GoldSwampy',[2]='Wall2Tall'},{[CFrame.new(428.900024, 5.5999999, -317, 0, -1, 0, 0, 0, 1, -1, 0, 0)]='GoldSwampy',[2]='Wall2Tall'},{[CFrame.new(439.099976, 6.5999999, -268, 0, 1, 0, 0, 0, 1, 1, 0, 0)]='GoldSwampy',[2]='Wall2Tall'},{[CFrame.new(480.200012, 58.2000008, -300.900024, -0.965939164, -1.66893005e-06, 0.258770257, 0.258770257, -1.28746033e-05, 0.965939045, 1.66893005e-06, 1.00000012, 1.257658e-05)]='Koa',[2]='Wall2Tall'},{[CFrame.new(421.099976, 57.2000008, -268.899994, -0.965939164, 1.66893005e-06, -0.258770257, -0.258770257, -1.28746033e-05, 0.965939045, -1.66893005e-06, 1.00000012, 1.257658e-05)]='Koa',[2]='Wall2Tall'},{[CFrame.new(287.5, 48.2000008, -232, 0, 0, -1, 0, 1, 0, 1, 0, 0)]='LoneCave',[2]='Wall2Tall'},{[CFrame.new(421.099976, 57.2000008, -244.899994, -0.965939164, 1.66893005e-06, -0.258770257, -0.258770257, -1.28746033e-05, 0.965939045, -1.66893005e-06, 1.00000012, 1.257658e-05)]='Koa',[2]='Wall2Tall'},{[CFrame.new(425, 58.2000008, -244.899994, -0.965939164, 1.66893005e-06, -0.258770257, -0.258770257, -1.28746033e-05, 0.965939045, -1.66893005e-06, 1.00000012, 1.257658e-05)]='Koa',[2]='Wall2Tall'},{[CFrame.new(428.900024, 59.1000023, -268.899994, -0.978160143, -3.88920307e-06, -0.20785287, -0.20785287, 3.69548798e-05, 0.978160203, 3.88920307e-06, 1.00000012, -3.70740891e-05)]='Koa',[2]='Wall2Tall'},{[CFrame.new(421.099976, 57.2000008, -300.899994, -0.965939164, 1.66893005e-06, -0.258770257, -0.258770257, -1.28746033e-05, 0.965939045, -1.66893005e-06, 1.00000012, 1.257658e-05)]='Koa',[2]='Wall2Tall'},{[CFrame.new(428.900024, 59.1000023, -244.899994, -0.978160143, -3.88920307e-06, -0.20785287, -0.20785287, 3.69548798e-05, 0.978160203, 3.88920307e-06, 1.00000012, -3.70740891e-05)]='Koa',[2]='Wall2Tall'},{[CFrame.new(428.900024, 59.1000023, -284.899994, -0.978160143, -3.88920307e-06, -0.20785287, -0.20785287, 3.69548798e-05, 0.978160203, 3.88920307e-06, 1.00000012, -3.70740891e-05)]='Koa',[2]='Wall2Tall'},{[CFrame.new(428.900024, 59.1000023, -260.899994, -0.978160143, -3.88920307e-06, -0.20785287, -0.20785287, 3.69548798e-05, 0.978160203, 3.88920307e-06, 1.00000012, -3.70740891e-05)]='Koa',[2]='Wall2Tall'},{[CFrame.new(421.099976, 57.2000008, -284.899994, -0.965939164, 1.66893005e-06, -0.258770257, -0.258770257, -1.28746033e-05, 0.965939045, -1.66893005e-06, 1.00000012, 1.257658e-05)]='Koa',[2]='Wall2Tall'},{[CFrame.new(425, 58.2000008, -260.899994, -0.965939164, 1.66893005e-06, -0.258770257, -0.258770257, -1.28746033e-05, 0.965939045, -1.66893005e-06, 1.00000012, 1.257658e-05)]='Koa',[2]='Wall2Tall'},{[CFrame.new(421.099976, 57.2000008, -260.899994, -0.965939164, 1.66893005e-06, -0.258770257, -0.258770257, -1.28746033e-05, 0.965939045, -1.66893005e-06, 1.00000012, 1.257658e-05)]='Koa',[2]='Wall2Tall'},{[CFrame.new(421.099976, 57.2000008, -252.899994, -0.965939164, 1.66893005e-06, -0.258770257, -0.258770257, -1.28746033e-05, 0.965939045, -1.66893005e-06, 1.00000012, 1.257658e-05)]='Koa',[2]='Wall2Tall'},{[CFrame.new(425, 58.2000008, -292.899994, -0.965939164, 1.66893005e-06, -0.258770257, -0.258770257, -1.28746033e-05, 0.965939045, -1.66893005e-06, 1.00000012, 1.257658e-05)]='Koa',[2]='Wall2Tall'},{[CFrame.new(432.799988, 59.9000015, -300.899994, -0.987695932, 5.05894423e-06, -0.156386644, -0.156386644, -6.43730164e-05, 0.987695992, -5.05894423e-06, 1.00000012, 6.42538071e-05)]='Koa',[2]='Wall2Tall'},{[CFrame.new(421.099976, 57.2000008, -276.899994, -0.965939164, 1.66893005e-06, -0.258770257, -0.258770257, -1.28746033e-05, 0.965939045, -1.66893005e-06, 1.00000012, 1.257658e-05)]='Koa',[2]='Wall2Tall'},{[CFrame.new(425, 58.2000008, -300.899994, -0.965939164, 1.66893005e-06, -0.258770257, -0.258770257, -1.28746033e-05, 0.965939045, -1.66893005e-06, 1.00000012, 1.257658e-05)]='Koa',[2]='Wall2Tall'},{[CFrame.new(421.099976, 57.2000008, -292.899994, -0.965939164, 1.66893005e-06, -0.258770257, -0.258770257, -1.28746033e-05, 0.965939045, -1.66893005e-06, 1.00000012, 1.257658e-05)]='Koa',[2]='Wall2Tall'},{[CFrame.new(428.900024, 59.1000023, -292.899994, -0.978160143, -3.88920307e-06, -0.20785287, -0.20785287, 3.69548798e-05, 0.978160203, 3.88920307e-06, 1.00000012, -3.70740891e-05)]='Koa',[2]='Wall2Tall'},{[CFrame.new(428.900024, 59.1000023, -276.899994, -0.978160143, -3.88920307e-06, -0.20785287, -0.20785287, 3.69548798e-05, 0.978160203, 3.88920307e-06, 1.00000012, -3.70740891e-05)]='Koa',[2]='Wall2Tall'},{[CFrame.new(479.5, 55.2999992, -222.899994, -0.965939164, -1.66893005e-06, 0.258770257, 0.258770257, -1.28746033e-05, 0.965939045, 1.66893005e-06, 1.00000012, 1.257658e-05)]='Koa',[2]='Wall2Tall'},{[CFrame.new(425, 58.2000008, -284.899994, -0.965939164, 1.66893005e-06, -0.258770257, -0.258770257, -1.28746033e-05, 0.965939045, -1.66893005e-06, 1.00000012, 1.257658e-05)]='Koa',[2]='Wall2Tall'},{[CFrame.new(383.5, 16.2000008, -344, 0, 0, -1, 0, 1, 0, 1, 0, 0)]='LoneCave',[2]='Wall2Tall'},{[CFrame.new(383.5, 10.1999998, -266.5, -1, 0, 0, 0, 1, 0, 0, 0, -1)]='GreenSwampy',[2]='Wall2Tall'},{[CFrame.new(383.5, 28.6000004, -252.100006, -1, 0, -0, 0, 0, -1, 0, -1, -0)]='GreenSwampy',[2]='Wall2Tall'},{[CFrame.new(387.400024, 28.6000004, -250, 0, -1, 0, 0, 0, 1, -1, 0, 0)]='GreenSwampy',[2]='Wall2Tall'},{[CFrame.new(369, 18.2000008, -250, 0, 0, 1, 0, 1, -0, -1, 0, 0)]='GreenSwampy',[2]='Wall2Tall'},{[CFrame.new(383.5, 2.20000005, -266.5, -1, 0, 0, 0, 1, 0, 0, 0, -1)]='GreenSwampy',[2]='Wall2Tall'},{[CFrame.new(383.5, 10.1999998, -233.5, -1, 0, 0, 0, 1, 0, 0, 0, -1)]='GreenSwampy',[2]='Wall2Tall'},{[CFrame.new(379.5, 28.6000004, -250, 0, -1, 0, 0, 0, 1, -1, 0, 0)]='GreenSwampy',[2]='Wall2Tall'},{[CFrame.new(383.5, 16.2000008, -232, 0, 0, -1, 0, 1, 0, 1, 0, 0)]='LoneCave',[2]='Wall2Tall'},{[CFrame.new(383.5, 24.2000008, -228, 0, 0, -1, 0, 1, 0, 1, 0, 0)]='LoneCave',[2]='Wall2Tall'},{[CFrame.new(383.5, 40.2000008, -232, 0, 0, -1, 0, 1, 0, 1, 0, 0)]='LoneCave',[2]='Wall2Tall'},{[CFrame.new(383.5, 0.200000003, -208, 0, 0, -1, 0, 1, 0, 1, 0, 0)]='LoneCave',[2]='Wall2Tall'},{[CFrame.new(383.5, 32.2000008, -232, 0, 0, -1, 0, 1, 0, 1, 0, 0)]='LoneCave',[2]='Wall2Tall'},{[CFrame.new(383.5, 32.2000008, -228, 0, 0, -1, 0, 1, 0, 1, 0, 0)]='LoneCave',[2]='Wall2Tall'},{[CFrame.new(383.5, 8.19999981, -228, 0, 0, -1, 0, 1, 0, 1, 0, 0)]='LoneCave',[2]='Wall2Tall'},{[CFrame.new(383.5, 0.200000003, -232, 0, 0, -1, 0, 1, 0, 1, 0, 0)]='LoneCave',[2]='Wall2Tall'},{[CFrame.new(383.5, 8.19999981, -232, 0, 0, -1, 0, 1, 0, 1, 0, 0)]='LoneCave',[2]='Wall2Tall'},{[CFrame.new(383.5, 40.2000008, -228, 0, 0, -1, 0, 1, 0, 1, 0, 0)]='LoneCave',[2]='Wall2Tall'},{[CFrame.new(383.5, 16.2000008, -228, 0, 0, -1, 0, 1, 0, 1, 0, 0)]='LoneCave',[2]='Wall2Tall'},{[CFrame.new(383.5, 24.2000008, -232, 0, 0, -1, 0, 1, 0, 1, 0, 0)]='LoneCave',[2]='Wall2Tall'},{[CFrame.new(383.5, 32.2000008, -264, 0, 0, -1, 0, 1, 0, 1, 0, 0)]='LoneCave',[2]='Wall2Tall'},{[CFrame.new(383.5, 24.2000008, -268, 0, 0, -1, 0, 1, 0, 1, 0, 0)]='LoneCave',[2]='Wall2Tall'},{[CFrame.new(383.5, 32.2000008, -268, 0, 0, -1, 0, 1, 0, 1, 0, 0)]='LoneCave',[2]='Wall2Tall'},{[CFrame.new(383.5, 40.2000008, -264, 0, 0, -1, 0, 1, 0, 1, 0, 0)]='LoneCave',[2]='Wall2Tall'},{[CFrame.new(383.5, 32.2000008, -260, 0, 0, -1, 0, 1, 0, 1, 0, 0)]='LoneCave',[2]='Wall2Tall'},{[CFrame.new(383.5, 40.2000008, -252, 0, 0, -1, 0, 1, 0, 1, 0, 0)]='LoneCave',[2]='Wall2Tall'},{[CFrame.new(383.5, 40.2000008, -256, 0, 0, -1, 0, 1, 0, 1, 0, 0)]='LoneCave',[2]='Wall2Tall'},{[CFrame.new(383.5, 32.2000008, -244, 0, 0, -1, 0, 1, 0, 1, 0, 0)]='LoneCave',[2]='Wall2Tall'},{[CFrame.new(383.5, 32.2000008, -248, 0, 0, -1, 0, 1, 0, 1, 0, 0)]='LoneCave',[2]='Wall2Tall'},{[CFrame.new(383.5, 40.2000008, -260, 0, 0, -1, 0, 1, 0, 1, 0, 0)]='LoneCave',[2]='Wall2Tall'},{[CFrame.new(383.5, 32.2000008, -252, 0, 0, -1, 0, 1, 0, 1, 0, 0)]='LoneCave',[2]='Wall2Tall'},{[CFrame.new(383.5, 40.2000008, -244, 0, 0, -1, 0, 1, 0, 1, 0, 0)]='LoneCave',[2]='Wall2Tall'},{[CFrame.new(383.5, 40.2000008, -268, 0, 0, -1, 0, 1, 0, 1, 0, 0)]='LoneCave',[2]='Wall2Tall'},{[CFrame.new(383.5, 32.2000008, -240, 0, 0, -1, 0, 1, 0, 1, 0, 0)]='LoneCave',[2]='Wall2Tall'},{[CFrame.new(383.5, 32.2000008, -236, 0, 0, -1, 0, 1, 0, 1, 0, 0)]='LoneCave',[2]='Wall2Tall'},{[CFrame.new(383.5, 40.2000008, -236, 0, 0, -1, 0, 1, 0, 1, 0, 0)]='LoneCave',[2]='Wall2Tall'},{[CFrame.new(383.5, 32.2000008, -256, 0, 0, -1, 0, 1, 0, 1, 0, 0)]='LoneCave',[2]='Wall2Tall'},{[CFrame.new(383.5, 40.2000008, -240, 0, 0, -1, 0, 1, 0, 1, 0, 0)]='LoneCave',[2]='Wall2Tall'},{[CFrame.new(383.5, 40.2000008, -248, 0, 0, -1, 0, 1, 0, 1, 0, 0)]='LoneCave',[2]='Wall2Tall'},{[CFrame.new(383.5, 16.2000008, -272, 0, 0, -1, 0, 1, 0, 1, 0, 0)]='LoneCave',[2]='Wall2Tall'},{[CFrame.new(383.5, 8.19999981, -272, 0, 0, -1, 0, 1, 0, 1, 0, 0)]='LoneCave',[2]='Wall2Tall'},{[CFrame.new(383.5, 24.2000008, -272, 0, 0, -1, 0, 1, 0, 1, 0, 0)]='LoneCave',[2]='Wall2Tall'},{[CFrame.new(383.5, 32.2000008, -272, 0, 0, -1, 0, 1, 0, 1, 0, 0)]='LoneCave',[2]='Wall2Tall'},{[CFrame.new(383.5, 16.2000008, -268, 0, 0, -1, 0, 1, 0, 1, 0, 0)]='LoneCave',[2]='Wall2Tall'},{[CFrame.new(383.5, 0.200000003, -268, 0, 0, -1, 0, 1, 0, 1, 0, 0)]='LoneCave',[2]='Wall2Tall'},{[CFrame.new(383.5, 0.200000003, -272, 0, 0, -1, 0, 1, 0, 1, 0, 0)]='LoneCave',[2]='Wall2Tall'},{[CFrame.new(383.5, 40.2000008, -272, 0, 0, -1, 0, 1, 0, 1, 0, 0)]='LoneCave',[2]='Wall2Tall'},{[CFrame.new(383.5, 8.19999981, -268, 0, 0, -1, 0, 1, 0, 1, 0, 0)]='LoneCave',[2]='Wall2Tall'},{[CFrame.new(383.5, 28.6000004, -240.100006, -1, 0, -0, 0, 0, -1, 0, -1, -0)]='GreenSwampy',[2]='Wall2Tall'},{[CFrame.new(383.5, 18.2000008, -233.5, -1, 0, 0, 0, 1, 0, 0, 0, -1)]='GreenSwampy',[2]='Wall2Tall'},{[CFrame.new(383.5, 32.2000008, -296, 0, 0, -1, 0, 1, 0, 1, 0, 0)]='LoneCave',[2]='Wall2Tall'},{[CFrame.new(383.5, 16.2000008, -292, 0, 0, -1, 0, 1, 0, 1, 0, 0)]='LoneCave',[2]='Wall2Tall'},{[CFrame.new(383.5, 16.2000008, -296, 0, 0, -1, 0, 1, 0, 1, 0, 0)]='LoneCave',[2]='Wall2Tall'},{[CFrame.new(383.5, 40.2000008, -284, 0, 0, -1, 0, 1, 0, 1, 0, 0)]='LoneCave',[2]='Wall2Tall'},{[CFrame.new(383.5, 2.20000005, -233.5, -1, 0, 0, 0, 1, 0, 0, 0, -1)]='GreenSwampy',[2]='Wall2Tall'},{[CFrame.new(287.5, 24.2000008, -332, 0, 0, -1, 0, 1, 0, 1, 0, 0)]='LoneCave',[2]='Wall2Tall'},{[CFrame.new(334.900024, 2.10000014, -297.5, 0, -1, -0, -1, 0, -0, 0, 0, -1)]='Walnut',[2]='Wall2Tall'},{[CFrame.new(383.5, 0.200000003, -228, 0, 0, -1, 0, 1, 0, 1, 0, 0)]='LoneCave',[2]='Wall2Tall'},{[CFrame.new(383.5, 0.200000003, -200, 0, 0, -1, 0, 1, 0, 1, 0, 0)]='LoneCave',[2]='Wall2Tall'},{[CFrame.new(377, 5.20000029, -154.5, 1, 0, 0, 0, 1, 0, 0, 0, 1)]='GoldSwampy',[2]='Wall2Tall'},{[CFrame.new(382.5, 5.20000029, -161, 0, 0, 1, 0, 1, -0, -1, 0, 0)]='GoldSwampy',[2]='Wall2Tall'},{[CFrame.new(381, 5.20000029, -154.5, 1, 0, 0, 0, 1, 0, 0, 0, 1)]='GoldSwampy',[2]='Wall2Tall'},{[CFrame.new(382.5, 5.20000029, -157, 0, 0, 1, 0, 1, -0, -1, 0, 0)]='GoldSwampy',[2]='Wall2Tall'},{[CFrame.new(391, 47.9000015, -268.899994, -0.998628736, -1.22189522e-06, -0.0523534007, -0.0523534007, 4.65512276e-05, 0.998628676, 1.22189522e-06, 1, -4.66108322e-05)]='GoldSwampy',[2]='Wall2Tall'},{[CFrame.new(337.5, 0.200000003, -222, 0, 0, -1, 0, 1, 0, 1, 0, 0)]='Walnut',[2]='Wall2Tall'},{[CFrame.new(350, 8, -224.5, 1, 0, 0, 0, -1, 0, 0, 0, -1)]='Walnut',[2]='Wall2Tall'},{[CFrame.new(348.099976, 9.60000038, -222, 0, 1, 0, 0, 0, 1, 1, 0, 0)]='GoldSwampy',[2]='Wall2Tall'},{[CFrame.new(375.099976, 20.6000004, -229, 0, 1, 0, 0, 0, 1, 1, 0, 0)]='BlueSpruce',[2]='Wall2Tall'},{[CFrame.new(437.900024, 6.5999999, -232, 0, -1, 0, 0, 0, 1, -1, 0, 0)]='GoldSwampy',[2]='Wall2Tall'},{[CFrame.new(348.099976, 9.60000038, -227, 0, 1, 0, 0, 0, 1, 1, 0, 0)]='GoldSwampy',[2]='Wall2Tall'},{[CFrame.new(370, 2.20000005, -254, 0, 0, 1, 0, 1, -0, -1, 0, 0)]='Frost',[2]='Wall2Tall'},{[CFrame.new(359, 8, -224.5, 1, 0, 0, 0, -1, 0, 0, 0, -1)]='Walnut',[2]='Wall2Tall'},{[CFrame.new(347.5, 0.200000003, -201, 0, 0, -1, 0, 1, 0, 1, 0, 0)]='Walnut',[2]='Wall2Tall'},{[CFrame.new(357.099976, 0.600000024, -202, 0, 1, 0, 0, 0, -1, -1, 0, 0)]='GoldSwampy',[2]='Wall2Tall'},{[CFrame.new(327.900024, 9.60000038, -197, 0, -1, 0, 0, 0, 1, -1, 0, 0)]='GoldSwampy',[2]='Wall2Tall'},{[CFrame.new(327.900024, 6.5999999, -177, 0, -1, 0, 0, 0, -1, 1, 0, 0)]='GoldSwampy',[2]='Wall2Tall'},{[CFrame.new(320.099976, 2.10000014, -174.5, 0, 1, 0, 1, 0, 0, 0, 0, -1)]='Walnut',[2]='Wall2Tall'},{[CFrame.new(320.099976, 6.0999999, -174.5, 0, 1, 0, 1, 0, 0, 0, 0, -1)]='Walnut',[2]='Wall2Tall'},{[CFrame.new(319.5, 0.200000003, -177, 0, 0, -1, 0, 1, 0, 1, 0, 0)]='Walnut',[2]='Wall2Tall'},{[CFrame.new(319.5, 0.200000003, -172, 0, 0, -1, 0, 1, 0, 1, 0, 0)]='Walnut',[2]='Wall2Tall'},{[CFrame.new(336.900024, 6.5999999, -172, 0, -1, 0, 0, 0, -1, 1, 0, 0)]='GoldSwampy',[2]='Wall2Tall'},{[CFrame.new(336.900024, 6.5999999, -177, 0, -1, 0, 0, 0, -1, 1, 0, 0)]='GoldSwampy',[2]='Wall2Tall'},{[CFrame.new(355.900024, 9.60000038, -177, 0, -1, 0, 0, 0, 1, -1, 0, 0)]='GoldSwampy',[2]='Wall2Tall'},{[CFrame.new(355.900024, 0.600000024, -172, 0, -1, 0, 0, 0, 1, -1, 0, 0)]='GoldSwampy',[2]='Wall2Tall'},{[CFrame.new(364.900024, 0.600000024, -172, 0, -1, 0, 0, 0, -1, 1, 0, 0)]='GoldSwampy',[2]='Wall2Tall'},{[CFrame.new(446.900024, 6.5999999, -232, 0, -1, 0, 0, 0, 1, -1, 0, 0)]='GoldSwampy',[2]='Wall2Tall'},{[CFrame.new(457.599976, 40.2000008, -346.5, -1, 0, 0, 0, 1, 0, 0, 0, -1)]='LoneCave',[2]='Wall2Tall'},{[CFrame.new(461.599976, 24.2000008, -346.5, -1, 0, 0, 0, 1, 0, 0, 0, -1)]='LoneCave',[2]='Wall2Tall'},{[CFrame.new(428.900024, 59.1000023, -252.899994, -0.978160143, -3.88920307e-06, -0.20785287, -0.20785287, 3.69548798e-05, 0.978160203, 3.88920307e-06, 1.00000012, -3.70740891e-05)]='Koa',[2]='Wall2Tall'},{[CFrame.new(417.299988, 56, -340.899994, -0.951051474, 5.31971455e-06, -0.309032798, -0.309032798, -3.36170197e-05, 0.951051414, -5.31971455e-06, 1, 3.34978104e-05)]='Koa',[2]='Wall2Tall'},{[CFrame.new(432.799988, 59.9000015, -268.899994, -0.987695932, 5.05894423e-06, -0.156386644, -0.156386644, -6.43730164e-05, 0.987695992, -5.05894423e-06, 1.00000012, 6.42538071e-05)]='Koa',[2]='Wall2Tall'},{[CFrame.new(428.900024, 59.1000023, -230.899994, -0.978160143, -3.88920307e-06, -0.20785287, -0.20785287, 3.69548798e-05, 0.978160203, 3.88920307e-06, 1.00000012, -3.70740891e-05)]='Koa',[2]='Wall2Tall'},{[CFrame.new(425, 58.2000008, -268.899994, -0.965939164, 1.66893005e-06, -0.258770257, -0.258770257, -1.28746033e-05, 0.965939045, -1.66893005e-06, 1.00000012, 1.257658e-05)]='Koa',[2]='Wall2Tall'},{[CFrame.new(425, 58.2000008, -252.899994, -0.965939164, 1.66893005e-06, -0.258770257, -0.258770257, -1.28746033e-05, 0.965939045, -1.66893005e-06, 1.00000012, 1.257658e-05)]='Koa',[2]='Wall2Tall'},{[CFrame.new(432.799988, 59.9000015, -276.899994, -0.987695932, 5.05894423e-06, -0.156386644, -0.156386644, -6.43730164e-05, 0.987695992, -5.05894423e-06, 1.00000012, 6.42538071e-05)]='Koa',[2]='Wall2Tall'},{[CFrame.new(432.799988, 59.9000015, -244.899994, -0.987695932, 5.05894423e-06, -0.156386644, -0.156386644, -6.43730164e-05, 0.987695992, -5.05894423e-06, 1.00000012, 6.42538071e-05)]='Koa',[2]='Wall2Tall'},{[CFrame.new(421.099976, 57.2000008, -300.899994, -0.965939164, 1.66893005e-06, -0.258770257, -0.258770257, -1.28746033e-05, 0.965939045, -1.66893005e-06, 1.00000012, 1.257658e-05)]='Koa',[2]='Wall2Tall'},{[CFrame.new(428.900024, 59.1000023, -300.899994, -0.978160143, -3.88920307e-06, -0.20785287, -0.20785287, 3.69548798e-05, 0.978160203, 3.88920307e-06, 1.00000012, -3.70740891e-05)]='Koa',[2]='Wall2Tall'},{[CFrame.new(425, 58.2000008, -252.899994, -0.965939164, 1.66893005e-06, -0.258770257, -0.258770257, -1.28746033e-05, 0.965939045, -1.66893005e-06, 1.00000012, 1.257658e-05)]='Koa',[2]='Wall2Tall'},{[CFrame.new(425, 58.2000008, -292.899994, -0.965939164, 1.66893005e-06, -0.258770257, -0.258770257, -1.28746033e-05, 0.965939045, -1.66893005e-06, 1.00000012, 1.257658e-05)]='Koa',[2]='Wall2Tall'},{[CFrame.new(409.899963, 53.9000015, -340.899994, -0.965939164, 1.66893005e-06, -0.258770257, -0.258770257, -1.28746033e-05, 0.965939045, -1.66893005e-06, 1.00000012, 1.257658e-05)]='Koa',[2]='Wall2Tall'},{[CFrame.new(428.900024, 59.1000023, -332.900024, -0.978160143, -3.88920307e-06, -0.20785287, -0.20785287, 3.69548798e-05, 0.978160203, 3.88920307e-06, 1.00000012, -3.70740891e-05)]='Koa',[2]='Wall2Tall'},{[CFrame.new(428.900024, 59.1000023, -316.900024, -0.978160143, -3.88920307e-06, -0.20785287, -0.20785287, 3.69548798e-05, 0.978160203, 3.88920307e-06, 1.00000012, -3.70740891e-05)]='Koa',[2]='Wall2Tall'},{[CFrame.new(480.200012, 58.2000008, -292.900024, -0.965939164, -1.66893005e-06, 0.258770257, 0.258770257, -1.28746033e-05, 0.965939045, 1.66893005e-06, 1.00000012, 1.257658e-05)]='Koa',[2]='Wall2Tall'},{[CFrame.new(428.900024, 59.1000023, -340.900024, -0.978160143, -3.88920307e-06, -0.20785287, -0.20785287, 3.69548798e-05, 0.978160203, 3.88920307e-06, 1.00000012, -3.70740891e-05)]='Koa',[2]='Wall2Tall'},{[CFrame.new(425, 58.2000008, -324.899994, -0.965939164, 1.66893005e-06, -0.258770257, -0.258770257, -1.28746033e-05, 0.965939045, -1.66893005e-06, 1.00000012, 1.257658e-05)]='Koa',[2]='Wall2Tall'},{[CFrame.new(432.799988, 59.9000015, -324.900024, -0.987695932, 5.05894423e-06, -0.156386644, -0.156386644, -6.43730164e-05, 0.987695992, -5.05894423e-06, 1.00000012, 6.42538071e-05)]='Koa',[2]='Wall2Tall'},{[CFrame.new(432.799988, 59.9000015, -348.900024, -0.987695932, 5.05894423e-06, -0.156386644, -0.156386644, -6.43730164e-05, 0.987695992, -5.05894423e-06, 1.00000012, 6.42538071e-05)]='Koa',[2]='Wall2Tall'},{[CFrame.new(432.799988, 59.9000015, -308.899994, -0.987695932, 5.05894423e-06, -0.156386644, -0.156386644, -6.43730164e-05, 0.987695992, -5.05894423e-06, 1.00000012, 6.42538071e-05)]='Koa',[2]='Wall2Tall'},{[CFrame.new(425, 58.2000008, -316.899994, -0.965939164, 1.66893005e-06, -0.258770257, -0.258770257, -1.28746033e-05, 0.965939045, -1.66893005e-06, 1.00000012, 1.257658e-05)]='Koa',[2]='Wall2Tall'},{[CFrame.new(417.299988, 56, -308.899994, -0.951051474, 5.31971455e-06, -0.309032798, -0.309032798, -3.36170197e-05, 0.951051414, -5.31971455e-06, 1, 3.34978104e-05)]='Koa',[2]='Wall2Tall'},{[CFrame.new(421.099976, 57.2000008, -308.899994, -0.965939164, 1.66893005e-06, -0.258770257, -0.258770257, -1.28746033e-05, 0.965939045, -1.66893005e-06, 1.00000012, 1.257658e-05)]='Koa',[2]='Wall2Tall'},{[CFrame.new(428.900024, 59.1000023, -324.900024, -0.978160143, -3.88920307e-06, -0.20785287, -0.20785287, 3.69548798e-05, 0.978160203, 3.88920307e-06, 1.00000012, -3.70740891e-05)]='Koa',[2]='Wall2Tall'},{[CFrame.new(413.599976, 54.9000015, -340.899994, -0.965939164, 1.66893005e-06, -0.258770257, -0.258770257, -1.28746033e-05, 0.965939045, -1.66893005e-06, 1.00000012, 1.257658e-05)]='Koa',[2]='Wall2Tall'},{[CFrame.new(425, 58.2000008, -348.899994, -0.965939164, 1.66893005e-06, -0.258770257, -0.258770257, -1.28746033e-05, 0.965939045, -1.66893005e-06, 1.00000012, 1.257658e-05)]='Koa',[2]='Wall2Tall'},{[CFrame.new(402.299988, 52.2999992, -340.899994, -0.987695932, 5.05894423e-06, -0.156386644, -0.156386644, -6.43730164e-05, 0.987695992, -5.05894423e-06, 1.00000012, 6.42538071e-05)]='Koa',[2]='Wall2Tall'},{[CFrame.new(432.799988, 59.9000015, -316.900024, -0.987695932, 5.05894423e-06, -0.156386644, -0.156386644, -6.43730164e-05, 0.987695992, -5.05894423e-06, 1.00000012, 6.42538071e-05)]='Koa',[2]='Wall2Tall'},{[CFrame.new(425, 58.2000008, -308.899994, -0.965939164, 1.66893005e-06, -0.258770257, -0.258770257, -1.28746033e-05, 0.965939045, -1.66893005e-06, 1.00000012, 1.257658e-05)]='Koa',[2]='Wall2Tall'},{[CFrame.new(421.099976, 57.2000008, -348.899994, -0.965939164, 1.66893005e-06, -0.258770257, -0.258770257, -1.28746033e-05, 0.965939045, -1.66893005e-06, 1.00000012, 1.257658e-05)]='Koa',[2]='Wall2Tall'},{[CFrame.new(413.599976, 54.9000015, -340.899994, -0.965939164, 1.66893005e-06, -0.258770257, -0.258770257, -1.28746033e-05, 0.965939045, -1.66893005e-06, 1.00000012, 1.257658e-05)]='Koa',[2]='Wall2Tall'},{[CFrame.new(425, 58.2000008, -340.899994, -0.965939164, 1.66893005e-06, -0.258770257, -0.258770257, -1.28746033e-05, 0.965939045, -1.66893005e-06, 1.00000012, 1.257658e-05)]='Koa',[2]='Wall2Tall'},{[CFrame.new(421.099976, 57.2000008, -332.899994, -0.965939164, 1.66893005e-06, -0.258770257, -0.258770257, -1.28746033e-05, 0.965939045, -1.66893005e-06, 1.00000012, 1.257658e-05)]='Koa',[2]='Wall2Tall'},{[CFrame.new(417.299988, 56, -332.899994, -0.951051474, 5.31971455e-06, -0.309032798, -0.309032798, -3.36170197e-05, 0.951051414, -5.31971455e-06, 1, 3.34978104e-05)]='Koa',[2]='Wall2Tall'},{[CFrame.new(432.799988, 59.9000015, -332.900024, -0.987695932, 5.05894423e-06, -0.156386644, -0.156386644, -6.43730164e-05, 0.987695992, -5.05894423e-06, 1.00000012, 6.42538071e-05)]='Koa',[2]='Wall2